+1.000e+00 +0.000e+00 +0.000e+00 +2.000e+00
+0.000e+00 +7.666e-02 -9.971e-01 +2.309e+00
+0.000e+00 +9.971e-01 +7.666e-02 +1.633e+00
+0.000e+00 +0.000e+00 +0.000e+00 +1.000e+00
+1.000e+00 +0.000e+00 +0.000e+00 +4.000e+00
+0.000e+00 -2.552e-01 -9.669e-01 +2.309e+00
+0.000e+00 +9.669e-01 -2.552e-01 +1.633e+00
+0.000e+00 +0.000e+00 +0.000e+00 +1.000e+00
+1.000e+00 +0.000e+00 +0.000e+00 +6.000e+00
+0.000e+00 +5.663e-01 +8.242e-01 +2.309e+00
+0.000e+00 -8.242e-01 +5.663e-01 +1.633e+00
+0.000e+00 +0.000e+00 +0.000e+00 +1.000e+00
+1.000e+00 +0.000e+00 +0.000e+00 +8.000e+00
+0.000e+00 +5.765e-01 -8.171e-01 +2.309e+00
+0.000e+00 +8.171e-01 +5.765e-01 +1.633e+00
+0.000e+00 +0.000e+00 +0.000e+00 +1.000e+00
+1.000e+00 +0.000e+00 +0.000e+00 +1.000e+00
+0.000e+00 -8.590e-01 +5.119e-01 +4.041e+00
+0.000e+00 -5.119e-01 -8.590e-01 +1.633e+00
+0.000e+00 +0.000e+00 +0.000e+00 +1.000e+00
+1.000e+00 +0.000e+00 +0.000e+00 +3.000e+00
+0.000e+00 +3.477e-01 -9.376e-01 +4.041e+00
+0.000e+00 +9.376e-01 +3.477e-01 +1.633e+00
+0.000e+00 +0.000e+00 +0.000e+00 +1.000e+00
+1.000e+00 +0.000e+00 +0.000e+00 +5.000e+00
+0.000e+00 +3.718e-01 +9.283e-01 +4.041e+00
+0.000e+00 -9.283e-01 +3.718e-01 +1.633e+00
+0.000e+00 +0.000e+00 +0.000e+00 +1.000e+00
+1.000e+00 +0.000e+00 +0.000e+00 +7.000e+00
+0.000e+00 +4.622e-01 -8.868e-01 +4.041e+00
+0.000e+00 +8.868e-01 +4.622e-01 +1.633e+00
+0.000e+00 +0.000e+00 +0.000e+00 +1.000e+00
+1.000e+00 +0.000e+00 +0.000e+00 +9.000e+00
+0.000e+00 -9.956e-01 -9.421e-02 +4.041e+00
+0.000e+00 +9.421e-02 -9.956e-01 +1.633e+00
+0.000e+00 +0.000e+00 +0.000e+00 +1.000e+00
+1.000e+00 +0.000e+00 +0.000e+00 +2.000e+00
+0.000e+00 +5.783e-01 -8.158e-01 +5.774e+00
+0.000e+00 +8.158e-01 +5.783e-01 +1.633e+00
+0.000e+00 +0.000e+00 +0.000e+00 +1.000e+00
+1.000e+00 +0.000e+00 +0.000e+00 +4.000e+00
+0.000e+00 -6.705e-01 -7.419e-01 +5.774e+00
+0.000e+00 +7.419e-01 -6.705e-01 +1.633e+00
+0.000e+00 +0.000e+00 +0.000e+00 +1.000e+00
+1.000e+00 +0.000e+00 +0.000e+00 +6.000e+00
+0.000e+00 -9.987e-01 -5.190e-02 +5.774e+00
+0.000e+00 +5.190e-02 -9.987e-01 +1.633e+00
+0.000e+00 +0.000e+00 +0.000e+00 +1.000e+00
+1.000e+00 +0.000e+00 +0.000e+00 +8.000e+00
+0.000e+00 +8.446e-01 +5.353e-01 +5.774e+00
+0.000e+00 -5.353e-01 +8.446e-01 +1.633e+00
+0.000e+00 +0.000e+00 +0.000e+00 +1.000e+00
+1.000e+00 +0.000e+00 +0.000e+00 +1.000e+00
+0.000e+00 -9.572e-02 -9.954e-01 +7.506e+00
+0.000e+00 +9.954e-01 -9.572e-02 +1.633e+00
+0.000e+00 +0.000e+00 +0.000e+00 +1.000e+00
+1.000e+00 +0.000e+00 +0.000e+00 +3.000e+00
+0.000e+00 +7.831e-01 +6.219e-01 +7.506e+00
+0.000e+00 -6.219e-01 +7.831e-01 +1.633e+00
+0.000e+00 +0.000e+00 +0.000e+00 +1.000e+00
+1.000e+00 +0.000e+00 +0.000e+00 +5.000e+00
+0.000e+00 +1.852e-01 -9.827e-01 +7.506e+00
+0.000e+00 +9.827e-01 +1.852e-01 +1.633e+00
+0.000e+00 +0.000e+00 +0.000e+00 +1.000e+00
+1.000e+00 +0.000e+00 +0.000e+00 +7.000e+00
+0.000e+00 -6.763e-01 +7.367e-01 +7.506e+00
+0.000e+00 -7.367e-01 -6.763e-01 +1.633e+00
+0.000e+00 +0.000e+00 +0.000e+00 +1.000e+00
+1.000e+00 +0.000e+00 +0.000e+00 +9.000e+00
+0.000e+00 -9.019e-01 +4.319e-01 +7.506e+00
+0.000e+00 -4.319e-01 -9.019e-01 +1.633e+00
+0.000e+00 +0.000e+00 +0.000e+00 +1.000e+00
+1.000e+00 +0.000e+00 +0.000e+00 +1.000e+00
+0.000e+00 -4.936e-01 -8.697e-01 +1.732e+00
+0.000e+00 +8.697e-01 -4.936e-01 +3.266e+00
+0.000e+00 +0.000e+00 +0.000e+00 +1.000e+00
+1.000e+00 +0.000e+00 +0.000e+00 +3.000e+00
+0.000e+00 +7.923e-01 -6.102e-01 +1.732e+00
+0.000e+00 +6.102e-01 +7.923e-01 +3.266e+00
+0.000e+00 +0.000e+00 +0.000e+00 +1.000e+00
+1.000e+00 +0.000e+00 +0.000e+00 +5.000e+00
+0.000e+00 -9.998e-01 +1.841e-02 +1.732e+00
+0.000e+00 -1.841e-02 -9.998e-01 +3.266e+00
+0.000e+00 +0.000e+00 +0.000e+00 +1.000e+00
+1.000e+00 +0.000e+00 +0.000e+00 +7.000e+00
+0.000e+00 -9.117e-01 +4.109e-01 +1.732e+00
+0.000e+00 -4.109e-01 -9.117e-01 +3.266e+00
+0.000e+00 +0.000e+00 +0.000e+00 +1.000e+00
+1.000e+00 +0.000e+00 +0.000e+00 +9.000e+00
+0.000e+00 +6.088e-01 +7.934e-01 +1.732e+00
+0.000e+00 -7.934e-01 +6.088e-01 +3.266e+00
+0.000e+00 +0.000e+00 +0.000e+00 +1.000e+00
+1.000e+00 +0.000e+00 +0.000e+00 +2.000e+00
+0.000e+00 +9.684e-01 -2.495e-01 +3.464e+00
+0.000e+00 +2.495e-01 +9.684e-01 +3.266e+00
+0.000e+00 +0.000e+00 +0.000e+00 +1.000e+00
+1.000e+00 +0.000e+00 +0.000e+00 +4.000e+00
+0.000e+00 +7.784e-01 -6.278e-01 +3.464e+00
+0.000e+00 +6.278e-01 +7.784e-01 +3.266e+00
+0.000e+00 +0.000e+00 +0.000e+00 +1.000e+00
+1.000e+00 +0.000e+00 +0.000e+00 +6.000e+00
+0.000e+00 -6.403e-01 +7.681e-01 +3.464e+00
+0.000e+00 -7.681e-01 -6.403e-01 +3.266e+00
+0.000e+00 +0.000e+00 +0.000e+00 +1.000e+00
+1.000e+00 +0.000e+00 +0.000e+00 +8.000e+00
+0.000e+00 +9.966e-01 -8.229e-02 +3.464e+00
+0.000e+00 +8.229e-02 +9.966e-01 +3.266e+00
+0.000e+00 +0.000e+00 +0.000e+00 +1.000e+00
+1.000e+00 +0.000e+00 +0.000e+00 +1.000e+00
+0.000e+00 -1.862e-01 +9.825e-01 +5.196e+00
+0.000e+00 -9.825e-01 -1.862e-01 +3.266e+00
+0.000e+00 +0.000e+00 +0.000e+00 +1.000e+00
+1.000e+00 +0.000e+00 +0.000e+00 +3.000e+00
+0.000e+00 +8.023e-01 -5.970e-01 +5.196e+00
+0.000e+00 +5.970e-01 +8.023e-01 +3.266e+00
+0.000e+00 +0.000e+00 +0.000e+00 +1.000e+00
+1.000e+00 +0.000e+00 +0.000e+00 +5.000e+00
+0.000e+00 -9.943e-01 -1.070e-01 +5.196e+00
+0.000e+00 +1.070e-01 -9.943e-01 +3.266e+00
+0.000e+00 +0.000e+00 +0.000e+00 +1.000e+00
+1.000e+00 +0.000e+00 +0.000e+00 +7.000e+00
+0.000e+00 -2.736e-02 -9.996e-01 +5.196e+00
+0.000e+00 +9.996e-01 -2.736e-02 +3.266e+00
+0.000e+00 +0.000e+00 +0.000e+00 +1.000e+00
+1.000e+00 +0.000e+00 +0.000e+00 +9.000e+00
+0.000e+00 -4.445e-01 +8.958e-01 +5.196e+00
+0.000e+00 -8.958e-01 -4.445e-01 +3.266e+00
+0.000e+00 +0.000e+00 +0.000e+00 +1.000e+00
+1.000e+00 +0.000e+00 +0.000e+00 +2.000e+00
+0.000e+00 +7.970e-01 +6.040e-01 +6.928e+00
+0.000e+00 -6.040e-01 +7.970e-01 +3.266e+00
+0.000e+00 +0.000e+00 +0.000e+00 +1.000e+00
+1.000e+00 +0.000e+00 +0.000e+00 +4.000e+00
+0.000e+00 +6.214e-02 +9.981e-01 +6.928e+00
+0.000e+00 -9.981e-01 +6.214e-02 +3.266e+00
+0.000e+00 +0.000e+00 +0.000e+00 +1.000e+00
+1.000e+00 +0.000e+00 +0.000e+00 +6.000e+00
+0.000e+00 -1.856e-01 +9.826e-01 +6.928e+00
+0.000e+00 -9.826e-01 -1.856e-01 +3.266e+00
+0.000e+00 +0.000e+00 +0.000e+00 +1.000e+00
+1.000e+00 +0.000e+00 +0.000e+00 +8.000e+00
+0.000e+00 +8.362e-01 +5.484e-01 +6.928e+00
+0.000e+00 -5.484e-01 +8.362e-01 +3.266e+00
+0.000e+00 +0.000e+00 +0.000e+00 +1.000e+00
+1.000e+00 +0.000e+00 +0.000e+00 +1.000e+00
+0.000e+00 +9.011e-01 +4.337e-01 +8.660e+00
+0.000e+00 -4.337e-01 +9.011e-01 +3.266e+00
+0.000e+00 +0.000e+00 +0.000e+00 +1.000e+00
+1.000e+00 +0.000e+00 +0.000e+00 +3.000e+00
+0.000e+00 -7.188e-01 -6.952e-01 +8.660e+00
+0.000e+00 +6.952e-01 -7.188e-01 +3.266e+00
+0.000e+00 +0.000e+00 +0.000e+00 +1.000e+00
+1.000e+00 +0.000e+00 +0.000e+00 +5.000e+00
+0.000e+00 +8.081e-01 +5.890e-01 +8.660e+00
+0.000e+00 -5.890e-01 +8.081e-01 +3.266e+00
+0.000e+00 +0.000e+00 +0.000e+00 +1.000e+00
+1.000e+00 +0.000e+00 +0.000e+00 +7.000e+00
+0.000e+00 +1.805e-01 +9.836e-01 +8.660e+00
+0.000e+00 -9.836e-01 +1.805e-01 +3.266e+00
+0.000e+00 +0.000e+00 +0.000e+00 +1.000e+00
+1.000e+00 +0.000e+00 +0.000e+00 +9.000e+00
+0.000e+00 -4.498e-01 -8.931e-01 +8.660e+00
+0.000e+00 +8.931e-01 -4.498e-01 +3.266e+00
+0.000e+00 +0.000e+00 +0.000e+00 +1.000e+00
+1.000e+00 +0.000e+00 +0.000e+00 +2.000e+00
+0.000e+00 +3.433e-01 -9.392e-01 +2.309e+00
+0.000e+00 +9.392e-01 +3.433e-01 +4.899e+00
+0.000e+00 +0.000e+00 +0.000e+00 +1.000e+00
+1.000e+00 +0.000e+00 +0.000e+00 +4.000e+00
+0.000e+00 +9.996e-01 +2.794e-02 +2.309e+00
+0.000e+00 -2.794e-02 +9.996e-01 +4.899e+00
+0.000e+00 +0.000e+00 +0.000e+00 +1.000e+00
+1.000e+00 +0.000e+00 +0.000e+00 +6.000e+00
+0.000e+00 +5.289e-01 -8.487e-01 +2.309e+00
+0.000e+00 +8.487e-01 +5.289e-01 +4.899e+00
+0.000e+00 +0.000e+00 +0.000e+00 +1.000e+00
+1.000e+00 +0.000e+00 +0.000e+00 +8.000e+00
+0.000e+00 -2.606e-01 +9.654e-01 +2.309e+00
+0.000e+00 -9.654e-01 -2.606e-01 +4.899e+00
+0.000e+00 +0.000e+00 +0.000e+00 +1.000e+00
+1.000e+00 +0.000e+00 +0.000e+00 +1.000e+00
+0.000e+00 -1.000e+00 +9.544e-03 +4.041e+00
+0.000e+00 -9.544e-03 -1.000e+00 +4.899e+00
+0.000e+00 +0.000e+00 +0.000e+00 +1.000e+00
+1.000e+00 +0.000e+00 +0.000e+00 +3.000e+00
+0.000e+00 +9.210e-01 +3.896e-01 +4.041e+00
+0.000e+00 -3.896e-01 +9.210e-01 +4.899e+00
+0.000e+00 +0.000e+00 +0.000e+00 +1.000e+00
+1.000e+00 +0.000e+00 +0.000e+00 +5.000e+00
+0.000e+00 -2.100e-01 +9.777e-01 +4.041e+00
+0.000e+00 -9.777e-01 -2.100e-01 +4.899e+00
+0.000e+00 +0.000e+00 +0.000e+00 +1.000e+00
+1.000e+00 +0.000e+00 +0.000e+00 +7.000e+00
+0.000e+00 +7.894e-01 -6.139e-01 +4.041e+00
+0.000e+00 +6.139e-01 +7.894e-01 +4.899e+00
+0.000e+00 +0.000e+00 +0.000e+00 +1.000e+00
+1.000e+00 +0.000e+00 +0.000e+00 +9.000e+00
+0.000e+00 +2.535e-01 -9.673e-01 +4.041e+00
+0.000e+00 +9.673e-01 +2.535e-01 +4.899e+00
+0.000e+00 +0.000e+00 +0.000e+00 +1.000e+00
+1.000e+00 +0.000e+00 +0.000e+00 +2.000e+00
+0.000e+00 -9.312e-01 +3.646e-01 +5.774e+00
+0.000e+00 -3.646e-01 -9.312e-01 +4.899e+00
+0.000e+00 +0.000e+00 +0.000e+00 +1.000e+00
+1.000e+00 +0.000e+00 +0.000e+00 +4.000e+00
+0.000e+00 -2.764e-01 +9.610e-01 +5.774e+00
+0.000e+00 -9.610e-01 -2.764e-01 +4.899e+00
+0.000e+00 +0.000e+00 +0.000e+00 +1.000e+00
+1.000e+00 +0.000e+00 +0.000e+00 +6.000e+00
+0.000e+00 +8.816e-01 -4.720e-01 +5.774e+00
+0.000e+00 +4.720e-01 +8.816e-01 +4.899e+00
+0.000e+00 +0.000e+00 +0.000e+00 +1.000e+00
+1.000e+00 +0.000e+00 +0.000e+00 +8.000e+00
+0.000e+00 -9.978e-01 +6.611e-02 +5.774e+00
+0.000e+00 -6.611e-02 -9.978e-01 +4.899e+00
+0.000e+00 +0.000e+00 +0.000e+00 +1.000e+00
+1.000e+00 +0.000e+00 +0.000e+00 +1.000e+00
+0.000e+00 +3.316e-01 -9.434e-01 +7.506e+00
+0.000e+00 +9.434e-01 +3.316e-01 +4.899e+00
+0.000e+00 +0.000e+00 +0.000e+00 +1.000e+00
+1.000e+00 +0.000e+00 +0.000e+00 +3.000e+00
+0.000e+00 -1.515e-01 -9.885e-01 +7.506e+00
+0.000e+00 +9.885e-01 -1.515e-01 +4.899e+00
+0.000e+00 +0.000e+00 +0.000e+00 +1.000e+00
+1.000e+00 +0.000e+00 +0.000e+00 +5.000e+00
+0.000e+00 -6.442e-01 +7.649e-01 +7.506e+00
+0.000e+00 -7.649e-01 -6.442e-01 +4.899e+00
+0.000e+00 +0.000e+00 +0.000e+00 +1.000e+00
+1.000e+00 +0.000e+00 +0.000e+00 +7.000e+00
+0.000e+00 -9.475e-01 -3.197e-01 +7.506e+00
+0.000e+00 +3.197e-01 -9.475e-01 +4.899e+00
+0.000e+00 +0.000e+00 +0.000e+00 +1.000e+00
+1.000e+00 +0.000e+00 +0.000e+00 +9.000e+00
+0.000e+00 +9.688e-01 -2.479e-01 +7.506e+00
+0.000e+00 +2.479e-01 +9.688e-01 +4.899e+00
+0.000e+00 +0.000e+00 +0.000e+00 +1.000e+00
+1.000e+00 +0.000e+00 +0.000e+00 +1.000e+00
+0.000e+00 -9.789e-01 -2.043e-01 +1.732e+00
+0.000e+00 +2.043e-01 -9.789e-01 +6.532e+00
+0.000e+00 +0.000e+00 +0.000e+00 +1.000e+00
+1.000e+00 +0.000e+00 +0.000e+00 +3.000e+00
+0.000e+00 +8.830e-01 -4.694e-01 +1.732e+00
+0.000e+00 +4.694e-01 +8.830e-01 +6.532e+00
+0.000e+00 +0.000e+00 +0.000e+00 +1.000e+00
+1.000e+00 +0.000e+00 +0.000e+00 +5.000e+00
+0.000e+00 +9.715e-01 -2.371e-01 +1.732e+00
+0.000e+00 +2.371e-01 +9.715e-01 +6.532e+00
+0.000e+00 +0.000e+00 +0.000e+00 +1.000e+00
+1.000e+00 +0.000e+00 +0.000e+00 +7.000e+00
+0.000e+00 +5.356e-01 -8.445e-01 +1.732e+00
+0.000e+00 +8.445e-01 +5.356e-01 +6.532e+00
+0.000e+00 +0.000e+00 +0.000e+00 +1.000e+00
+1.000e+00 +0.000e+00 +0.000e+00 +9.000e+00
+0.000e+00 -8.009e-01 -5.988e-01 +1.732e+00
+0.000e+00 +5.988e-01 -8.009e-01 +6.532e+00
+0.000e+00 +0.000e+00 +0.000e+00 +1.000e+00
+1.000e+00 +0.000e+00 +0.000e+00 +2.000e+00
+0.000e+00 -3.746e-01 +9.272e-01 +3.464e+00
+0.000e+00 -9.272e-01 -3.746e-01 +6.532e+00
+0.000e+00 +0.000e+00 +0.000e+00 +1.000e+00
+1.000e+00 +0.000e+00 +0.000e+00 +4.000e+00
+0.000e+00 -9.763e-01 +2.164e-01 +3.464e+00
+0.000e+00 -2.164e-01 -9.763e-01 +6.532e+00
+0.000e+00 +0.000e+00 +0.000e+00 +1.000e+00
+1.000e+00 +0.000e+00 +0.000e+00 +6.000e+00
+0.000e+00 -3.860e-01 +9.225e-01 +3.464e+00
+0.000e+00 -9.225e-01 -3.860e-01 +6.532e+00
+0.000e+00 +0.000e+00 +0.000e+00 +1.000e+00
+1.000e+00 +0.000e+00 +0.000e+00 +8.000e+00
+0.000e+00 -1.406e-01 -9.901e-01 +3.464e+00
+0.000e+00 +9.901e-01 -1.406e-01 +6.532e+00
+0.000e+00 +0.000e+00 +0.000e+00 +1.000e+00
+1.000e+00 +0.000e+00 +0.000e+00 +1.000e+00
+0.000e+00 -9.772e-01 -2.124e-01 +5.196e+00
+0.000e+00 +2.124e-01 -9.772e-01 +6.532e+00
+0.000e+00 +0.000e+00 +0.000e+00 +1.000e+00
+1.000e+00 +0.000e+00 +0.000e+00 +3.000e+00
+0.000e+00 -1.661e-01 -9.861e-01 +5.196e+00
+0.000e+00 +9.861e-01 -1.661e-01 +6.532e+00
+0.000e+00 +0.000e+00 +0.000e+00 +1.000e+00
+1.000e+00 +0.000e+00 +0.000e+00 +5.000e+00
+0.000e+00 -9.512e-01 -3.085e-01 +5.196e+00
+0.000e+00 +3.085e-01 -9.512e-01 +6.532e+00
+0.000e+00 +0.000e+00 +0.000e+00 +1.000e+00
+1.000e+00 +0.000e+00 +0.000e+00 +7.000e+00
+0.000e+00 +9.179e-01 +3.967e-01 +5.196e+00
+0.000e+00 -3.967e-01 +9.179e-01 +6.532e+00
+0.000e+00 +0.000e+00 +0.000e+00 +1.000e+00
+1.000e+00 +0.000e+00 +0.000e+00 +9.000e+00
+0.000e+00 +8.545e-01 -5.195e-01 +5.196e+00
+0.000e+00 +5.195e-01 +8.545e-01 +6.532e+00
+0.000e+00 +0.000e+00 +0.000e+00 +1.000e+00
+1.000e+00 +0.000e+00 +0.000e+00 +2.000e+00
+0.000e+00 -9.583e-01 -2.857e-01 +6.928e+00
+0.000e+00 +2.857e-01 -9.583e-01 +6.532e+00
+0.000e+00 +0.000e+00 +0.000e+00 +1.000e+00
+1.000e+00 +0.000e+00 +0.000e+00 +4.000e+00
+0.000e+00 +9.422e-01 +3.350e-01 +6.928e+00
+0.000e+00 -3.350e-01 +9.422e-01 +6.532e+00
+0.000e+00 +0.000e+00 +0.000e+00 +1.000e+00
+1.000e+00 +0.000e+00 +0.000e+00 +6.000e+00
+0.000e+00 +6.165e-01 +7.874e-01 +6.928e+00
+0.000e+00 -7.874e-01 +6.165e-01 +6.532e+00
+0.000e+00 +0.000e+00 +0.000e+00 +1.000e+00
+1.000e+00 +0.000e+00 +0.000e+00 +8.000e+00
+0.000e+00 +7.248e-01 -6.890e-01 +6.928e+00
+0.000e+00 +6.890e-01 +7.248e-01 +6.532e+00
+0.000e+00 +0.000e+00 +0.000e+00 +1.000e+00
+1.000e+00 +0.000e+00 +0.000e+00 +1.000e+00
+0.000e+00 +9.960e-01 -8.888e-02 +8.660e+00
+0.000e+00 +8.888e-02 +9.960e-01 +6.532e+00
+0.000e+00 +0.000e+00 +0.000e+00 +1.000e+00
+1.000e+00 +0.000e+00 +0.000e+00 +3.000e+00
+0.000e+00 +9.714e-02 -9.953e-01 +8.660e+00
+0.000e+00 +9.953e-01 +9.714e-02 +6.532e+00
+0.000e+00 +0.000e+00 +0.000e+00 +1.000e+00
+1.000e+00 +0.000e+00 +0.000e+00 +5.000e+00
+0.000e+00 +6.675e-01 +7.446e-01 +8.660e+00
+0.000e+00 -7.446e-01 +6.675e-01 +6.532e+00
+0.000e+00 +0.000e+00 +0.000e+00 +1.000e+00
+1.000e+00 +0.000e+00 +0.000e+00 +7.000e+00
+0.000e+00 -9.236e-01 -3.833e-01 +8.660e+00
+0.000e+00 +3.833e-01 -9.236e-01 +6.532e+00
+0.000e+00 +0.000e+00 +0.000e+00 +1.000e+00
+1.000e+00 +0.000e+00 +0.000e+00 +9.000e+00
+0.000e+00 +1.225e-01 +9.925e-01 +8.660e+00
+0.000e+00 -9.925e-01 +1.225e-01 +6.532e+00
+0.000e+00 +0.000e+00 +0.000e+00 +1.000e+00
+1.000e+00 +0.000e+00 +0.000e+00 +2.000e+00
+0.000e+00 +7.027e-01 +7.115e-01 +2.309e+00
+0.000e+00 -7.115e-01 +7.027e-01 +8.165e+00
+0.000e+00 +0.000e+00 +0.000e+00 +1.000e+00
+1.000e+00 +0.000e+00 +0.000e+00 +4.000e+00
+0.000e+00 -7.156e-01 -6.985e-01 +2.309e+00
+0.000e+00 +6.985e-01 -7.156e-01 +8.165e+00
+0.000e+00 +0.000e+00 +0.000e+00 +1.000e+00
+1.000e+00 +0.000e+00 +0.000e+00 +6.000e+00
+0.000e+00 +9.394e-01 +3.427e-01 +2.309e+00
+0.000e+00 -3.427e-01 +9.394e-01 +8.165e+00
+0.000e+00 +0.000e+00 +0.000e+00 +1.000e+00
+1.000e+00 +0.000e+00 +0.000e+00 +8.000e+00
+0.000e+00 +3.000e-01 +9.539e-01 +2.309e+00
+0.000e+00 -9.539e-01 +3.000e-01 +8.165e+00
+0.000e+00 +0.000e+00 +0.000e+00 +1.000e+00
+1.000e+00 +0.000e+00 +0.000e+00 +1.000e+00
+0.000e+00 +5.286e-01 +8.489e-01 +4.041e+00
+0.000e+00 -8.489e-01 +5.286e-01 +8.165e+00
+0.000e+00 +0.000e+00 +0.000e+00 +1.000e+00
+1.000e+00 +0.000e+00 +0.000e+00 +3.000e+00
+0.000e+00 +9.444e-01 +3.289e-01 +4.041e+00
+0.000e+00 -3.289e-01 +9.444e-01 +8.165e+00
+0.000e+00 +0.000e+00 +0.000e+00 +1.000e+00
+1.000e+00 +0.000e+00 +0.000e+00 +5.000e+00
+0.000e+00 -8.574e-01 +5.147e-01 +4.041e+00
+0.000e+00 -5.147e-01 -8.574e-01 +8.165e+00
+0.000e+00 +0.000e+00 +0.000e+00 +1.000e+00
+1.000e+00 +0.000e+00 +0.000e+00 +7.000e+00
+0.000e+00 -8.121e-01 +5.835e-01 +4.041e+00
+0.000e+00 -5.835e-01 -8.121e-01 +8.165e+00
+0.000e+00 +0.000e+00 +0.000e+00 +1.000e+00
+1.000e+00 +0.000e+00 +0.000e+00 +9.000e+00
+0.000e+00 -4.221e-01 -9.066e-01 +4.041e+00
+0.000e+00 +9.066e-01 -4.221e-01 +8.165e+00
+0.000e+00 +0.000e+00 +0.000e+00 +1.000e+00
+1.000e+00 +0.000e+00 +0.000e+00 +2.000e+00
+0.000e+00 -8.798e-01 -4.753e-01 +5.774e+00
+0.000e+00 +4.753e-01 -8.798e-01 +8.165e+00
+0.000e+00 +0.000e+00 +0.000e+00 +1.000e+00
+1.000e+00 +0.000e+00 +0.000e+00 +4.000e+00
+0.000e+00 +8.239e-01 +5.667e-01 +5.774e+00
+0.000e+00 -5.667e-01 +8.239e-01 +8.165e+00
+0.000e+00 +0.000e+00 +0.000e+00 +1.000e+00
+1.000e+00 +0.000e+00 +0.000e+00 +6.000e+00
+0.000e+00 +5.440e-01 -8.391e-01 +5.774e+00
+0.000e+00 +8.391e-01 +5.440e-01 +8.165e+00
+0.000e+00 +0.000e+00 +0.000e+00 +1.000e+00
+1.000e+00 +0.000e+00 +0.000e+00 +8.000e+00
+0.000e+00 +5.099e-01 +8.602e-01 +5.774e+00
+0.000e+00 -8.602e-01 +5.099e-01 +8.165e+00
+0.000e+00 +0.000e+00 +0.000e+00 +1.000e+00
+1.000e+00 +0.000e+00 +0.000e+00 +1.000e+00
+0.000e+00 -1.132e-01 +9.936e-01 +7.506e+00
+0.000e+00 -9.936e-01 -1.132e-01 +8.165e+00
+0.000e+00 +0.000e+00 +0.000e+00 +1.000e+00
+1.000e+00 +0.000e+00 +0.000e+00 +3.000e+00
+0.000e+00 -9.987e-01 -5.127e-02 +7.506e+00
+0.000e+00 +5.127e-02 -9.987e-01 +8.165e+00
+0.000e+00 +0.000e+00 +0.000e+00 +1.000e+00
+1.000e+00 +0.000e+00 +0.000e+00 +5.000e+00
+0.000e+00 +2.357e-01 -9.718e-01 +7.506e+00
+0.000e+00 +9.718e-01 +2.357e-01 +8.165e+00
+0.000e+00 +0.000e+00 +0.000e+00 +1.000e+00
+1.000e+00 +0.000e+00 +0.000e+00 +7.000e+00
+0.000e+00 +7.300e-01 -6.834e-01 +7.506e+00
+0.000e+00 +6.834e-01 +7.300e-01 +8.165e+00
+0.000e+00 +0.000e+00 +0.000e+00 +1.000e+00
+1.000e+00 +0.000e+00 +0.000e+00 +9.000e+00
+0.000e+00 +9.542e-01 -2.992e-01 +7.506e+00
+0.000e+00 +2.992e-01 +9.542e-01 +8.165e+00
+0.000e+00 +0.000e+00 +0.000e+00 +1.000e+00
