dpd = {
    a = {
       b = 2.6666667
       r = 2.6666667
       br = 2.6666667

       bw = 2.6666667
       bs = 2.6666667
       rw = 2.6666667
       rw = 2.6666667
    }
    g = {
        b = 8.0
        r = 8.0
        br = 8.0

        bw = 8.0
        bs = 8.0
        rw = 8.0
        rw = 8.0
    }
}