rbc = {
    # fluctuation dissipation
    gammaC = 10.0;
    gammaT = 0.0;

    # bending
    kb  = 100.0;
    phi = 6.97219932574;

    # spring
    p    = 0.00136;
    x0   = 0.457;
    mpow = 2.0;

    # area/volume
    ka = 4900.0;
    kd = 200.0;
    kv = 5000.0;
};